4 0.47109375 0.13203125 0.071875 0.06328125
4 0.26015625 0.44453125 0.07265625 0.059375
4 0.0890625 0.6875 0.03046875 0.14375
4 0.54140625 0.56796875 0.03671875 0.14140625
4 0.5421875 0.7875 0.03359375 0.15
4 0.69765625 0.30859375 0.075 0.06328125
4 0.6984375 0.55546875 0.07734375 0.06171875
4 0.8625 0.659375 0.034375 0.1390625
5 0.43671875 0.43671875 0.06640625 0.12109375
5 0.7125 0.90703125 0.0640625 0.12109375
5 0.94921875 0.6828125 0.0640625 0.12109375
5 0.2625 0.26875 0.06953125 0.1296875
2 0.5421875 0.68046875 0.01328125 0.1203125
3 0.54296875 0.43046875 0.14375 0.0375
3 0.54140625 0.4625 0.0203125 0.1015625
3 0.35234375 0.43828125 0.10859375 0.02578125
3 0.35 0.35 0.01953125 0.18984375
3 0.6046875 0.4375 0.02109375 0.26953125
3 0.54140625 0.89765625 0.01640625 0.06015625
3 0.3796875 0.91015625 0.5984375 0.0359375
3 0.8625 0.825 0.01796875 0.17890625
3 0.859375 0.35 0.0234375 0.47421875
3 0.8296875 0.43203125 0.08984375 0.04453125
3 0.903125 0.54140625 0.11171875 0.0453125
3 0.90703125 0.79140625 0.109375 0.04375
3 0.7953125 0.43046875 0.0203125 0.28828125
2 0.68828125 0.13046875 0.3609375 0.0359375
2 0.259375 0.1265625 0.35625 0.02890625
3 0.0890625 0.365625 0.0125 0.49453125
3 0.15234375 0.4390625 0.15078125 0.0359375
3 0.15859375 0.35703125 0.01796875 0.203125
2 0.1859375 0.2671875 0.07734375 0.0328125
2 0.32890625 0.2671875 0.06015625 0.03671875
2 0.63203125 0.3078125 0.0703125 0.02421875
2 0.7640625 0.3046875 0.0796875 0.0359375
2 0.62890625 0.54765625 0.0734375 0.0390625
2 0.76640625 0.5515625 0.08046875 0.0375
2 0.80859375 0.90625 0.1296875 0.03671875
2 0.9515625 0.5765625 0.015625 0.10625
2 0.95234375 0.771875 0.0140625 0.0578125
2 0.08828125 0.84609375 0.01328125 0.16171875