4 0.1265625 0.33046875 0.06015625 0.2671875
4 0.39296875 0.33125 0.06328125 0.265625
4 0.95 0.3296875 0.0640625 0.25859375
4 0.39140625 0.72578125 0.0609375 0.26328125
4 0.94921875 0.725 0.0578125 0.259375
4 0.7765625 0.56015625 0.2015625 0.08359375
5 0.5578125 0.56171875 0.09921875 0.13203125
5 0.128125 0.6234375 0.103125 0.134375
2 0.1296875 0.5078125 0.015625 0.1234375
2 0.64296875 0.5578125 0.08828125 0.025
3 0.5375 0.05859375 0.8328125 0.021875
3 0.39375 0.12734375 0.0265625 0.171875
3 0.39375 0.5296875 0.01796875 0.165625
3 0.45078125 0.5625 0.13828125 0.02890625
3 0.95078125 0.5265625 0.01796875 0.15625
3 0.9125 0.56015625 0.0984375 0.0171875
3 0.54140625 0.98671875 0.840625 0.025
2 0.39296875 0.921875 0.0171875 0.15625
2 0.13046875 0.8359375 0.01953125 0.328125
2 0.128125 0.13203125 0.0140625 0.17734375
2 0.94765625 0.91953125 0.01796875 0.1609375