4 0.55625 0.21015625 0.13359375 0.171875
4 0.24765625 0.37578125 0.14140625 0.08125
4 0.553125 0.5375 0.13359375 0.1625
4 0.82890625 0.53671875 0.12578125 0.1640625
4 0.83046875 0.21015625 0.1328125 0.1625
4 0.6921875 0.9375 0.13984375 0.07578125
5 0.53125 0.93984375 0.084375 0.09765625
3 0.07890625 0.653125 0.01640625 0.58125
3 0.1296875 0.375 0.12890625 0.03984375
3 0.96328125 0.65390625 0.02421875 0.5875
2 0.86171875 0.9390625 0.23046875 0.0265625
2 0.59921875 0.9390625 0.07578125 0.01875
2 0.2875 0.93515625 0.43984375 0.025