0 0.271875 0.17421875 0.05 0.15078125
0 0.4125 0.6625 0.125 0.065625
5 0.2703125 0.8375 0.11171875 0.13828125
5 0.6515625 0.834375 0.11171875 0.13671875
5 0.8890625 0.3484375 0.109375 0.1390625
5 0.1265625 0.35234375 0.1109375 0.12890625
4 0.121875 0.68515625 0.05234375 0.140625
4 0.57578125 0.1765625 0.1109375 0.0625
4 0.6484375 0.50625 0.115625 0.07265625
4 0.28203125 0.50546875 0.1140625 0.0640625
1 0.40625 0.31796875 0.04453125 0.21796875
1 0.73359375 0.1625 0.1609375 0.053125
3 0.17421875 0.50546875 0.1234375 0.03046875
3 0.125 0.465625 0.01875 0.12109375
3 0.12265625 0.559375 0.025 0.1453125
3 0.459375 0.8390625 0.30234375 0.021875
3 0.415625 0.7625 0.01640625 0.18125
3 0.41328125 0.52734375 0.0171875 0.25546875
3 0.46328125 0.50546875 0.284375 0.0265625
3 0.79921875 0.5078125 0.2140625 0.021875
3 0.88984375 0.625 0.01875 0.446875
2 0.7984375 0.8375 0.21484375 0.015625
2 0.8890625 0.234375 0.015625 0.13125
2 0.84765625 0.1734375 0.096875 0.0328125
3 0.40234375 0.175 0.25546875 0.02265625
2 0.18828125 0.18046875 0.15234375 0.0265625
2 0.1234375 0.2328125 0.0265625 0.1421875
3 0.41328125 0.19296875 0.0234375 0.071875
2 0.12421875 0.79453125 0.01796875 0.10859375
2 0.1703125 0.834375 0.11484375 0.02890625