1 0.45546875 0.20234375 0.44609375 0.10859375
5 0.128125 0.53125 0.16953125 0.1765625
4 0.47109375 0.80390625 0.39765625 0.1546875
0 0.8 0.5640625 0.21484375 0.11484375
2 0.13203125 0.3359375 0.03203125 0.26015625
2 0.19375 0.2234375 0.1625 0.03984375
2 0.73359375 0.2203125 0.16484375 0.05
2 0.79921875 0.3734375 0.04140625 0.35390625
2 0.803125 0.696875 0.0359375 0.23046875
2 0.73046875 0.7890625 0.184375 0.040625
2 0.2109375 0.784375 0.184375 0.0453125
2 0.13359375 0.69921875 0.03671875 0.2140625