1 0.3625 0.346875 0.225 0.10078125
4 0.6796875 0.37578125 0.1859375 0.153125
0 0.52890625 0.77265625 0.04921875 0.2890625
3 0.14609375 0.57578125 0.14765625 0.0734375
3 0.1953125 0.57421875 0.0421875 0.4375
3 0.828125 0.571875 0.03671875 0.43671875
3 0.87734375 0.5703125 0.13984375 0.09296875
2 0.2265625 0.3703125 0.08203125 0.05546875
2 0.5265625 0.37109375 0.15390625 0.0578125
2 0.7953125 0.37109375 0.08515625 0.04453125
2 0.68671875 0.76484375 0.3140625 0.04453125
2 0.35078125 0.76328125 0.33203125 0.046875