1 0.3109375 0.45703125 0.12421875 0.03203125
1 0.3078125 0.34296875 0.11796875 0.03359375
1 0.30703125 0.215625 0.1203125 0.03671875
1 0.825 0.8328125 0.0390625 0.12734375
4 0.8265625 0.68203125 0.0578125 0.096875
4 0.4859375 0.3515625 0.09921875 0.05625
4 0.68984375 0.4625 0.096875 0.06328125
4 0.48671875 0.2234375 0.09609375 0.05859375
0 0.3859375 0.0796875 0.04296875 0.08671875
0 0.82578125 0.5484375 0.0875 0.04609375
3 0.17265625 0.46484375 0.1796875 0.0265625
3 0.184375 0.27578125 0.021875 0.4078125
3 0.21484375 0.34609375 0.0953125 0.02421875
3 0.2125 0.2203125 0.08203125 0.02734375
3 0.59296875 0.3453125 0.0265625 0.2640625
3 0.565625 0.35 0.0921875 0.028125
3 0.50859375 0.4640625 0.296875 0.025
3 0.81015625 0.4625 0.165625 0.0203125
3 0.7734375 0.275 0.02578125 0.40859375
3 0.8296875 0.49609375 0.02578125 0.0953125
3 0.8296875 0.921875 0.02109375 0.07734375
3 0.4875 0.94609375 0.8078125 0.021875
2 0.403125 0.3515625 0.09375 0.02109375
2 0.40625 0.221875 0.1015625 0.01875
2 0.27578125 0.0796875 0.20390625 0.015625
2 0.58359375 0.0796875 0.3875 0.0171875
2 0.56015625 0.22265625 0.07421875 0.01796875
2 0.828125 0.603125 0.01171875 0.0921875
2 0.8296875 0.75234375 0.01328125 0.07578125