3 0.48671875 0.06015625 0.8171875 0.03515625
3 0.48671875 0.1 0.03125 0.13125
3 0.48984375 0.85390625 0.02890625 0.1515625
3 0.48984375 0.91171875 0.81171875 0.034375
2 0.0890625 0.2328125 0.02890625 0.38359375
2 0.08828125 0.6125 0.025 0.1296875
2 0.0921875 0.85390625 0.0296875 0.1609375
2 0.4859375 0.60390625 0.01796875 0.12578125
2 0.4859375 0.35234375 0.0203125 0.1203125
2 0.87890625 0.10703125 0.02265625 0.12265625
2 0.8796875 0.4 0.0234375 0.2328125
2 0.87890625 0.72578125 0.01640625 0.40078125
4 0.484375 0.47734375 0.1 0.1765625
4 0.09296875 0.4859375 0.1015625 0.16953125
5 0.48359375 0.7234375 0.13359375 0.15
5 0.0890625 0.7234375 0.140625 0.14296875
1 0.46875 0.23125 0.07265625 0.17265625
1 0.8625 0.22734375 0.06328125 0.17109375