4 0.309375 0.31953125 0.15078125 0.1515625
4 0.69765625 0.59609375 0.06875 0.32421875
0 0.56796875 0.3171875 0.053125 0.2625
0 0.83046875 0.5953125 0.11953125 0.12109375
3 0.759375 0.3203125 0.37265625 0.0609375
3 0.69453125 0.3796875 0.02265625 0.18984375
3 0.82890625 0.42890625 0.02890625 0.2890625
3 0.69921875 0.82109375 0.0265625 0.18828125
3 0.82890625 0.765625 0.03125 0.30859375
3 0.5015625 0.884375 0.88125 0.07421875
2 0.4609375 0.315625 0.19140625 0.053125
2 0.15625 0.31171875 0.18671875 0.0640625