4 0.11171875 0.31328125 0.04140625 0.25390625
4 0.1109375 0.76484375 0.04765625 0.26875
4 0.45546875 0.3109375 0.04140625 0.2546875
4 0.45546875 0.7609375 0.0453125 0.2421875
0 0.31015625 0.31328125 0.065625 0.084375
0 0.3078125 0.753125 0.0625 0.08359375
0 0.653125 0.31015625 0.06328125 0.0828125
0 0.65390625 0.759375 0.06328125 0.08828125
1 0.8796875 0.31484375 0.02890625 0.3734375
1 0.878125 0.75703125 0.0296875 0.365625
2 0.0640625 0.0921875 0.1015625 0.0265625
2 0.1109375 0.1421875 0.00859375 0.13515625
3 0.11171875 0.53359375 0.01015625 0.24140625
3 0.14296875 0.53359375 0.07734375 0.03671875
3 0.11171875 0.93046875 0.01171875 0.1390625
3 0.096875 0.9828125 0.16875 0.034375
3 0.38125 0.9796875 0.2875 0.03984375
3 0.30703125 0.8859375 0.009375 0.228125
3 0.45703125 0.92734375 0.01328125 0.14453125
3 0.30703125 0.53203125 0.009375 0.43359375
3 0.41171875 0.5359375 0.2265625 0.04453125
3 0.45625 0.53359375 0.01015625 0.25234375
3 0.30625 0.18359375 0.01171875 0.23203125
2 0.45703125 0.14453125 0.0109375 0.134375
3 0.34921875 0.0859375 0.22109375 0.0421875
3 0.62109375 0.0875 0.07578125 0.034375
3 0.65078125 0.184375 0.0109375 0.23359375
3 0.65234375 0.53515625 0.0109375 0.425
3 0.7015625 0.53515625 0.11328125 0.0375
3 0.65078125 0.88359375 0.0109375 0.2328125
3 0.6703125 0.98203125 0.17578125 0.0359375
3 0.903125 0.98046875 0.175 0.03046875
3 0.884375 0.9546875 0.01640625 0.090625
3 0.8828125 0.53203125 0.0203125 0.12265625
3 0.93359375 0.534375 0.1140625 0.04140625
3 0.853125 0.08828125 0.0765625 0.03828125
3 0.884375 0.1171875 0.0140625 0.09921875