5 0.0328125 0.1078125 0.06484375 0.07265625
5 0.18125 0.05 0.07265625 0.0703125
5 0.234375 0.35625 0.0703125 0.0703125
5 0.3828125 0.26640625 0.0703125 0.0703125
5 0.59453125 0.0515625 0.06484375 0.065625
5 0.11953125 0.26328125 0.071875 0.06953125
5 0.59453125 0.2671875 0.06796875 0.0671875
5 0.7875 0.3375 0.06484375 0.0703125
5 0.7859375 0.20625 0.071875 0.0703125
5 0.88984375 0.0515625 0.06796875 0.071875
5 0.0328125 0.640625 0.065625 0.071875
5 0.08515625 0.89921875 0.071875 0.0734375
5 0.14765625 0.76484375 0.06796875 0.06875
5 0.26640625 0.64453125 0.07421875 0.07578125
5 0.384375 0.765625 0.0703125 0.0734375
5 0.55859375 0.71171875 0.071875 0.07578125
5 0.69375 0.65078125 0.0765625 0.0765625
5 0.71015625 0.80546875 0.07109375 0.0765625
5 0.6484375 0.9125 0.071875 0.0765625
5 0.91640625 0.709375 0.07890625 0.0734375
4 0.028125 0.20390625 0.03828125 0.07421875
4 0.11796875 0.3546875 0.03671875 0.075
4 0.2375 0.26484375 0.034375 0.07578125
4 0.38515625 0.35625 0.034375 0.0703125
4 0.26953125 0.05 0.06953125 0.03359375
4 0.68359375 0.05 0.075 0.034375
4 0.7859375 0.11328125 0.0328125 0.07265625
4 0.6828125 0.26796875 0.07109375 0.034375
4 0.8890625 0.26875 0.06875 0.034375
4 0.59453125 0.40390625 0.06640625 0.0375
4 0.7390625 0.559375 0.075 0.034375
4 0.9171875 0.62265625 0.03515625 0.0703125
4 0.79765625 0.65234375 0.071875 0.03203125
4 0.56171875 0.6203125 0.0359375 0.07265625
4 0.82265625 0.8046875 0.071875 0.03359375
4 0.2640625 0.76640625 0.0375 0.07265625
4 0.38515625 0.6453125 0.0359375 0.07578125
4 0.1453125 0.64140625 0.03515625 0.07421875
4 0.02890625 0.7640625 0.03828125 0.07578125
4 0.2046875 0.90078125 0.0734375 0.03828125
2 0.2046875 0.56875 0.365625 0.0140625
2 0.02734375 0.5875 0.0125 0.05078125
2 0.146875 0.58828125 0.0125 0.05390625
2 0.26640625 0.5875 0.0125 0.053125
2 0.38125 0.5875 0.01171875 0.0546875
2 0.265625 0.70390625 0.00625 0.06640625
2 0.3828125 0.7046875 0.00859375 0.0640625
2 0.3828125 0.84921875 0.01171875 0.11328125
2 0.26484375 0.85078125 0.0125 0.1125
2 0.146875 0.84921875 0.015625 0.1140625
2 0.0265625 0.8484375 0.01328125 0.11171875
2 0.1453125 0.89921875 0.06640625 0.0171875
2 0.31015625 0.9015625 0.1625 0.0140625
2 0.0421875 0.89609375 0.0421875 0.0109375
2 0.02734375 0.70390625 0.01171875 0.06640625
2 0.1453125 0.70390625 0.0078125 0.06640625
2 0.5609375 0.66484375 0.00859375 0.034375
2 0.559375 0.5734375 0.0078125 0.0390625
2 0.63515625 0.60625 0.0125 0.10546875
2 0.63125 0.55859375 0.16015625 0.01171875
2 0.84296875 0.56015625 0.1546875 0.01171875
2 0.85625 0.603125 0.0109375 0.10859375
2 0.74453125 0.65078125 0.05234375 0.00859375
2 0.64765625 0.6515625 0.0390625 0.01171875
2 0.84296875 0.653125 0.0375 0.01171875
2 0.9109375 0.571875 0.01171875 0.0390625
2 0.915625 0.66796875 0.00859375 0.0328125
2 0.9171875 0.82890625 0.0109375 0.17890625
2 0.88671875 0.80625 0.07421875 0.009375
2 0.79921875 0.9125 0.25 0.01015625
2 0.5609375 0.82890625 0.0109375 0.18203125
2 0.61875 0.80546875 0.1328125 0.0109375
2 0.7671875 0.80546875 0.0578125 0.00859375
2 0.58984375 0.91171875 0.06953125 0.009375
2 0.9515625 0.16171875 0.0140625 0.22578125
2 0.93828125 0.26875 0.0421875 0.01171875
2 0.93828125 0.05390625 0.0390625 0.01015625
3 0.7875 0.05234375 0.15703125 0.01328125
3 0.53125 0.23046875 0.009375 0.3640625
3 0.546875 0.2671875 0.04609375 0.01484375
3 0.784375 0.271875 0.15859375 0.01328125
3 0.7875 0.271875 0.0140625 0.075
2 0.78515625 0.3875 0.01328125 0.0484375
2 0.7078125 0.4046875 0.171875 0.009375
2 0.54765625 0.40390625 0.0453125 0.01328125
2 0.6375 0.26796875 0.0375 0.009375
2 0.7890625 0.1609375 0.01015625 0.03984375
3 0.78828125 0.06328125 0.01015625 0.046875
2 0.63828125 0.05390625 0.040625 0.0140625
2 0.546875 0.05078125 0.04453125 0.01171875
2 0.32734375 0.096875 0.01328125 0.11015625
2 0.3125 0.14609375 0.15859375 0.0125
2 0.23828125 0.18515625 0.0140625 0.1046875
2 0.384375 0.1890625 0.01171875 0.10078125
2 0.38515625 0.309375 0.01015625 0.03515625
2 0.3859375 0.4046875 0.0125 0.04140625
2 0.20625 0.41875 0.3671875 0.015625
2 0.2359375 0.40625 0.00546875 0.04765625
2 0.11640625 0.40234375 0.01171875 0.0421875
2 0.03046875 0.32734375 0.0125 0.196875
2 0.11796875 0.14140625 0.01484375 0.1921875
2 0.08984375 0.04765625 0.13359375 0.0171875
2 0.0296875 0.05859375 0.01328125 0.0421875
2 0.22578125 0.05078125 0.040625 0.01171875
2 0.31484375 0.04921875 0.0390625 0.0078125