5 0.45234375 0.4046875 0.11171875 0.14296875
5 0.77265625 0.40234375 0.10859375 0.13359375
5 0.55078125 0.6515625 0.1140625 0.13828125
5 0.31640625 0.63203125 0.1203125 0.13984375
4 0.29140625 0.40234375 0.13671875 0.0828125
4 0.56015625 0.15703125 0.134375 0.0796875
4 0.340625 0.89921875 0.13828125 0.07734375
4 0.7859375 0.89765625 0.13515625 0.08203125
0 0.7984375 0.71015625 0.0359375 0.10859375
1 0.096875 0.60703125 0.04765625 0.225
1 0.290625 0.140625 0.190625 0.05234375
3 0.10859375 0.32890625 0.01484375 0.3640625
3 0.165625 0.40234375 0.13828125 0.02109375
3 0.6140625 0.40625 0.23515625 0.02421875
3 0.94921875 0.528125 0.0171875 0.76171875
3 0.8859375 0.7171875 0.1578125 0.02421875
3 0.67734375 0.80859375 0.02109375 0.20703125
3 0.56328125 0.9 0.3390625 0.02890625
3 0.5515625 0.8125 0.02265625 0.21171875
3 0.55 0.49375 0.01640625 0.2
2 0.43984375 0.1546875 0.13984375 0.0234375
2 0.78671875 0.1546875 0.34140625 0.021875
2 0.15625 0.15546875 0.1140625 0.0203125
2 0.378125 0.40390625 0.06796875 0.01953125
2 0.73046875 0.7140625 0.1265625 0.02265625
2 0.89921875 0.8984375 0.1140625 0.0171875
2 0.10703125 0.80625 0.02578125 0.20234375
2 0.18515625 0.903125 0.1984375 0.0203125
3 0.88671875 0.40625 0.14453125 0.02421875